 dtime =   2.000000000000000E-003
 runCase =            0
 newrun  =            1
 periodic  =            1
 iscalar  =            0
 ieddy  =            1
 ised  =            0
 pAdjust  =            1
 waves  =            0
 mg_level  =            5
 nstep =       180000
 nsave  =         1000
 maxstep  =           20
 iterchk  =            2           2           2           2           2
 maxiter =           20          20          20          20          50
 tol  =    1.00000000000000        1.00000000000000        1.00000000000000     
   1.00000000000000        1.00000000000000     
 ter  =    1.00000000000000        1.00000000000000        1.00000000000000     
   1.00000000000000        1.00000000000000     
 slowiter  =   0.700000000000000       0.600000000000000     
  0.600000000000000       0.600000000000000       0.600000000000000     
 vis =   1.000000000000000E-006
 rhoWater  =    1000.00000000000     
 ak  =   0.000000000000000E+000
 g  =    9.81000000000000     
 dpdxSteady =   0.244144000000000     
 uTarget =   0.100000000000000     
 driveFac =    1000.00000000000     
 waveMag  =   0.000000000000000E+000
 Twave  =    1.50000000000000     
 omg_cyl  =   0.000000000000000E+000
 omg_lid =   0.000000000000000E+000
 factor  =   1.000000000000000E-003
 phi1  =   0.000000000000000E+000
 phi2  =   0.000000000000000E+000
 yphi =   0.000000000000000E+000
 aphi  =    1.00000000000000     
 ws =   4.000000000000000E-003
 rhoSed  =    2650.00000000000     
 skipping invalid label at line          37
 skipping invalid label at line          38
 domainVol =   0.322740304827183     
  Wrote the grid.
Application 21459513 resources: utime ~12s, stime ~52s, Rss ~107360, inblocks ~7000, outblocks ~36132
